 yes             code            v(D1)           v(D2)           v(d3)           v(d4)           v(d5)           i(viin)         i(vidump)       v(vout)        
 1.00000000e+00  0.00000000e+00  2.13104802e-07  2.13104802e-07  2.13104802e-07  2.13104802e-07  2.13104802e-07 -1.28279771e-11 -1.02190276e-05  7.93368713e-01 
 1.00000000e+00  1.00000000e+00  1.79999999e+00  2.13104734e-07  2.13104734e-07  2.13104734e-07  2.13104802e-07 -6.38769191e-07 -9.58146770e-06  8.29789588e-01 
 1.00000000e+00  2.00000000e+00  1.79999999e+00  1.79999999e+00  2.13104734e-07  2.13104734e-07  2.13104802e-07 -1.27766101e-06 -8.94374563e-06  8.66346002e-01 
 1.00000000e+00  3.00000000e+00  1.79999999e+00  1.79999999e+00  1.79999999e+00  2.13104734e-07  2.13104802e-07 -1.91668709e-06 -8.30586424e-06  9.02986035e-01 
 1.00000000e+00  4.00000000e+00  1.79999999e+00  1.79999999e+00  1.79999999e+00  1.79999999e+00  2.13104802e-07 -2.55584575e-06 -7.66782607e-06  9.39675873e-01 
 1.00000000e+00  5.00000000e+00  1.79999999e+00  1.79999999e+00  1.79999999e+00  1.79999999e+00  1.79999999e+00 -3.19513523e-06 -7.02963389e-06  9.76395787e-01 
 1.00000000e+00  6.00000000e+00  1.79999999e+00  1.79999999e+00  1.79999999e+00  1.79999999e+00  1.79999999e+00 -3.83455335e-06 -6.39128931e-06  1.01313536e+00 
 1.00000000e+00  7.00000000e+00  1.79999999e+00  1.79999999e+00  1.79999999e+00  1.79999999e+00  1.79999999e+00 -4.47409800e-06 -5.75279481e-06  1.04988922e+00 
 1.00000000e+00  8.00000000e+00  1.79999999e+00  1.79999999e+00  1.79999999e+00  1.79999999e+00  1.79999999e+00 -5.11376673e-06 -5.11415220e-06  1.08665432e+00 
 1.00000000e+00  9.00000000e+00  1.79999999e+00  1.79999999e+00  1.79999999e+00  1.79999999e+00  1.79999999e+00 -5.75355629e-06 -4.47536289e-06  1.12342829e+00 
 1.00000000e+00  1.00000000e+01  1.79999999e+00  1.79999999e+00  1.79999999e+00  1.79999999e+00  1.79999999e+00 -6.39346273e-06 -3.83642852e-06  1.16020846e+00 
 1.00000000e+00  1.10000000e+01  1.79999999e+00  1.79999999e+00  1.79999999e+00  1.79999999e+00  1.79999999e+00 -7.03347985e-06 -3.19735082e-06  1.19699030e+00 
 1.00000000e+00  1.20000000e+01  1.79999999e+00  1.79999999e+00  1.79999999e+00  1.79999999e+00  1.79999999e+00 -7.67359850e-06 -2.55813259e-06  1.23376396e+00 
 1.00000000e+00  1.30000000e+01  1.79999999e+00  1.79999999e+00  1.79999999e+00  1.79999999e+00  1.79999999e+00 -8.31380492e-06 -1.91877797e-06  1.27050455e+00 
 1.00000000e+00  1.40000000e+01  1.79999999e+00  1.79999999e+00  1.79999999e+00  1.79999999e+00  1.79999999e+00 -8.95407611e-06 -1.27929588e-06  1.30715315e+00 
 1.00000000e+00  1.50000000e+01  1.79999999e+00  1.79999999e+00  1.79999999e+00  1.79999999e+00  1.79999999e+00 -9.59437921e-06 -6.39701256e-07  1.34361007e+00 
 1.00000000e+00  1.60000000e+01  1.79999999e+00  1.79999999e+00  1.79999999e+00  1.79999999e+00  1.79999999e+00 -1.02346766e-05 -1.77127240e-11  1.37975828e+00 
